6806076
4315382
2072282
24788339
19010633
11663079
28221651
28221491
28228983
28228813
28228792
28228791
28226661
28223281
28228467
114832
85632
7712
7692
10872
5384
6392
6384
6042
5764
75472
5649
5061
5566
5604
5651
6046
27815072
27808549
27796700
27795230
27786757
127412
127572
127612
5385
3540
128072
4314422
4314402
125692
28220851
2672
2671
2670
2669
2668
5388
130132
4313462
4313442
130232
2900
133392
134692
133432
131952
5441
5440
5439
3455
4594
4593
4592
4845
130212
5421
3801
3841
5490
5867
5931
6181
1106
3492
3836
1725
1724
1723
808
6295
6180
5859
2866
4638
870
5269
894
2837
132092
3439
5448
6179
109
28229443
28230183
