25651
27190
20404
22463
27469
27470
27471
27472
27473
27474
27475
27476
27477
27478
25099
27065
25084
26338
23140
22353
24762
24805
25613
11286
11287
24233
24234
24906
26662
23545
23883
27187
27188
21039
23188
27543
27544
24440
21092
24875
27541
10669
10950
27044
27441
24439
23974
23097
27217
20440
20443
20479
20496
20584
20585
20629
20631
21827
24221
21089
21184
27335
21901
24824
20174
20239
20298
10564
10565
20587
20588
20616
24363
27066
27067
23998
24000
24001
23841
20241
11382
11520
11621
21839
21840
26709
21441
21442
21443
21444
21445
21446
21447
21448
21449
21450
21451
21452
21453
21454
21455
20035
25278
26659
20924
27249
27410
21374
22667
25854
25855
10163
25077
25763
25764
25144
25145
25150
23958
25082
10014
22935
22936
25159
25160
27384
11395
23007
23008
10779
10781
25660
25081
27016
27017
20564
21240
24742
25325
24327
25447
27053
23633
23690
21059
21060
21061
11472
24979
20080
11627
23838
23839
22663
22664
24910
11049
23943
10453
10494
21298
25273
24027
24714
24615
23106
25220
22240
22309
26405
24975
21553
23039
23040
23041
20346
20505
20176
20177
20178
20182
20183
20184
20235
20236
21021
21036
21037
21038
21045
21046
21047
21052
21056
21057
21501
21502
21503
21504
21505
23112
23113
23114
23115
23116
23117
23118
23119
23120
24385
22687
23181
26219
26221
10743
10744
10745
10746
10747
25058
22800
26732
26733
22730
23922
25443
26337
27085
25170
27213
23147
22976
24023
25857
25808
25809
20963
20965
20966
20967
20980
21722
25169
25435
26300
27036
25822
21015
23624
25670
25671
25085
20286
25214
25314
25577
25570
24483
25323
25093
26766
26736
23407
23408
26982
26492
27019
24804
10371
20410
20411
20412
20413
20414
20415
10443
24472
27073
11339
22274
26921
23868
23869
23864
23865
23866
24833
24834
24835
21487
24980
20347
25584
25585
23725
23728
23729
24976
25083
24977
24978
27057
26380
10441
10440
27464
27271
27272
27273
27274
27275
27276
27277
27278
27485
20604
20605
20614
22916
22917
22922
22918
22923
22919
22920
22930
22931
22932
24123
24124
24145
24125
24126
24127
24128
25154
24129
24130
24131
24132
24146
25151
25152
25153
26859
21415
27231
27590
27152
27692
27677
23726
27669
27670
27671
27689
25977
25976
25031
25032
25033
25034
25035
25036
25037
25038
25039
25040
25041
27652
27651
27868
27812
27859
27760
27728
27729
27730
27731
27727
27725
27726
27465
27292
25423
25424
25425
25426
25427
