127792
127791
128772
121202
122635
128773
126842
126843
95019
85514
84931
98167
82084
80201
79363
79364
74580
72517
63286
60062
57537
97912
96518
37289
434
116975
126578
120739
112017
120738
105309
114759
97084
102651
104592
103405
102858
83202
80781
76922
73984
102857
68821
61237
116417
53985
47886
80434
120636
96520
123694
128235
104307
116408
96528
37290
96517
102038
102036
102029
102027
96580
96523
96521
96522
96526
96524
96525
96527
129246
129245
118354
123423
117115
119246
129237
120214
127491
105063
120948
120949
120438
120635
124259
129041
109326
128774
28821
132446
120451
133285
96519
131835
134056
133853
134182
134692
134693
134695
134706
136343
134694
134250
116999
130384
120495
128337
128408
128409
118968
119818
120051
121549
121550
120048
119978
119979
121552
119819
121555
120294
120295
120296
120493
120494
120581
120582
120849
120850
57814
57816
57817
121036
121053
121054
122320
122321
129526
138531
138566
125933
139240
138702
132514
94679
98322
134265
140871
143278
143277
143068
143410
143765
144266
144992
145211
145212
145213
143121
144955
146140
150137
150224
150222
150223