95579
10005705
10037964
10003738
89756
10006942
10005215
10036707
10011216
10035593
10024869
10013647
84990
71777
47476
42063
39559
39549
29444
94562
94445
91898
89268
10008303
81799
89271
10007038
10006935
10007040
10007036
10010459
10003384
10019221
10017274
39880
33471
91790
10001021
88899
88843
83377
89477
37550
71600
45235
42161
41006
40754
39539
35351
37895
33648
30072
30078
29519
24003
22278
21948
19644
10001342
46259
10004974
10016103
10016107
10002871
10016104
10016108
10016938
10004586
10016936
30255
20954
10016110
